# Graph with format: For each Edge get incident verticles
# and For each Verictles get incident edges
# Tracks and incident switches
# Switches and icident tracks
1;[1]
2;[1]
3;[1]
4;[2;3]
5;[2;3]
6;[4;5]
7;[4;5]
8;[13;14]
9;[13;14]
10;[11;12]
11;[11;12]
12;[6;7]
13;[6;7]
14;[6;7]
15;[10]
16;[10]
17;[10]
18;[9]
19;[9]
20;[9]
21;[1;2]
22;[3;4]
23;[5;6]
24;[7;8]
25;[8;10]
26;[8;9]
27;[8;11]
28;[5;12]
29;[12;13]
30;[1;14]
31;[6;7]
1;[1;2;3;21;30]
2;[21;4;5]
3;[4;5;22]
4;[6;7;22]
5;[6;7;23;28]
6;[12;13;14;23;31]
7;[12;13;14;24;31]
8;[24;25;26;27]
9;[18;19;20;26]
10;[15;16;17;25]
11;[10;11;27]
12;[10;11;28;29]
13;[8;9;29]
14;[8;9;30]
